2 47.2711 1.73697
3 33.6561 2.43964
4 24.7344 3.31962
5 21.7994 3.76655
6 18.3273 4.48013
7 16.5871 4.95014
8 15.074 5.44705
9 13.3408 6.1547
10 12.287 6.68257
11 11.2923 7.27122
12 10.936 7.5081
13 9.99181 8.21761
14 9.33183 8.79878
15 8.83305 9.29563
16 8.49209 9.66885
17 7.97907 10.2905
18 7.58138 10.8303
19 7.10795 11.5517
20 6.77129 12.126
21 6.56648 12.5042
22 6.48088 12.6694
23 6.09167 13.4789
24 5.81697 14.1154
25 5.70662 14.3883
26 5.53182 14.843
27 5.28625 15.5325
28 5.3433 15.3667
29 5.26229 15.6032
30 5.26365 15.5992
31 5.05387 16.2467
32 4.94628 16.6001
33 4.94395 16.6079
34 5.00467 16.4064
35 4.96232 16.5464
36 4.61842 17.7785
37 4.76307 17.2386
38 5.16429 15.8993
39 4.77441 17.1977
40 4.72645 17.3722
41 5.32285 15.4257
42 5.76304 14.2475
43 5.27255 15.5729
44 4.17816 19.6519
45 3.9649 20.7089
46 3.91913 20.9507
47 3.79489 21.6367
48 3.73672 21.9735
49 3.70374 22.1692
50 3.59446 22.8431
51 3.81037 21.5488
52 3.72288 22.0552
53 3.86506 21.2438
54 3.96363 20.7155
55 3.75259 21.8806
56 3.43786 23.8837
57 3.4056 24.11
58 3.56292 23.0454
59 3.64237 22.5427
60 3.68558 22.2784
61 3.7181 22.0835
62 3.81695 21.5116
63 3.72887 22.0197
64 3.68725 22.2683
65 3.7724 21.7657
66 3.75381 21.8735
67 3.80991 21.5514
68 3.74893 21.9019
69 3.76599 21.8027
70 3.71666 22.0921
71 3.62135 22.6736
72 3.71501 22.1019
73 3.74523 21.9235
74 3.686 22.2759
75 3.61783 22.6956
76 3.67782 22.3254
77 3.91561 20.9696
78 4.39498 18.6824
79 4.45236 18.4416
80 4.31679 19.0208
