# threads	schedule	chunk_size	time	speedup
2	static	1	45.4929	1.80487
2	static	4	44.9368	1.8272
2	static	8	44.6531	1.83881
2	static	16	44.5889	1.84146
2	dynamic	1	45.7881	1.79323
2	dynamic	4	44.7423	1.83515
2	dynamic	8	44.554	1.8429
2	dynamic	16	44.4393	1.84766
2	guided	1	44.2483	1.85564
2	guided	4	44.1904	1.85807
2	guided	8	44.2694	1.85475
2	guided	16	44.3608	1.85093
2	auto	1	44.2574	1.85526
2	auto	4	44.2804	1.85429
2	auto	8	44.2722	1.85464
2	auto	16	44.3281	1.8523
4	static	1	23.1986	3.53938
4	static	4	23.0946	3.55532
4	static	8	23.0244	3.56616
4	static	16	22.9832	3.57255
4	dynamic	1	23.5693	3.48372
4	dynamic	4	23.0234	3.56632
4	dynamic	8	22.8066	3.60022
4	dynamic	16	22.7685	3.60624
4	guided	1	22.6973	3.61755
4	guided	4	22.7104	3.61547
4	guided	8	22.7392	3.61089
4	guided	16	22.6942	3.61805
4	auto	1	22.689	3.61887
4	auto	4	22.7027	3.61669
4	auto	8	22.753	3.6087
4	auto	16	22.6735	3.62136
6	static	1	15.8308	5.18663
6	static	4	16.1938	5.07038
6	static	8	15.5267	5.28825
6	static	16	16.0637	5.11144
6	dynamic	1	17.1617	4.78442
6	dynamic	4	16.2685	5.04711
6	dynamic	8	16.1096	5.09689
6	dynamic	16	15.9703	5.14134
6	guided	1	15.8963	5.16528
6	guided	4	16.0816	5.10577
6	guided	8	15.9105	5.16068
6	guided	16	16.2031	5.06747
6	auto	1	15.8778	5.17129
6	auto	4	15.9792	5.13848
6	auto	8	15.919	5.15793
6	auto	16	16.0649	5.11105
8	static	1	11.8536	6.92693
8	static	4	11.7127	7.01024
8	static	8	11.661	7.04134
8	static	16	11.6321	7.0588
8	dynamic	1	13.2575	6.19339
8	dynamic	4	12.4401	6.60031
8	dynamic	8	13.3092	6.16932
8	dynamic	16	12.2138	6.72261
8	guided	1	12.1507	6.75754
8	guided	4	12.2282	6.71469
8	guided	8	14.8113	5.54367
8	guided	16	12.766	6.43182
8	auto	1	12.3482	6.64944
8	auto	4	12.3688	6.63838
8	auto	8	12.5079	6.56455
8	auto	16	12.471	6.58399
10	static	1	9.88512	8.3063
10	static	4	9.73113	8.43774
10	static	8	9.54778	8.59978
10	static	16	9.56439	8.58484
10	dynamic	1	10.6871	7.68298
10	dynamic	4	9.88885	8.30317
10	dynamic	8	9.7292	8.43942
10	dynamic	16	9.91952	8.27749
10	guided	1	9.68996	8.47359
10	guided	4	9.69375	8.47028
10	guided	8	9.75378	8.41815
10	guided	16	9.96064	8.24332
10	auto	1	9.68604	8.47702
10	auto	4	9.70739	8.45838
10	auto	8	9.74207	8.42826
10	auto	16	9.86374	8.3243
12	static	1	8.24833	9.95459
12	static	4	8.29575	9.89769
12	static	8	8.05003	10.1998
12	static	16	8.2523	9.9498
12	dynamic	1	8.66749	9.47318
12	dynamic	4	8.0497	10.2002
12	dynamic	8	8.39378	9.7821
12	dynamic	16	7.94874	10.3298
12	guided	1	7.8579	10.4492
12	guided	4	7.89679	10.3977
12	guided	8	7.92594	10.3595
12	guided	16	7.99178	10.2741
12	auto	1	8.01675	10.2421
12	auto	4	7.89892	10.3949
12	auto	8	7.91793	10.37
12	auto	16	8.02883	10.2267
14	static	1	7.33753	11.1903
14	static	4	7.2571	11.3143
14	static	8	7.24832	11.328
14	static	16	7.08158	11.5947
14	dynamic	1	7.69329	10.6728
14	dynamic	4	7.16068	11.4666
14	dynamic	8	6.95154	11.8116
14	dynamic	16	6.90706	11.8876
14	guided	1	6.98705	11.7516
14	guided	4	6.76217	12.1424
14	guided	8	6.78851	12.0953
14	guided	16	6.86929	11.953
14	auto	1	6.76517	12.137
14	auto	4	6.95466	11.8063
14	auto	8	6.7884	12.0955
14	auto	16	6.86817	11.955
16	static	1	6.51183	12.6092
16	static	4	6.38906	12.8515
16	static	8	6.70915	12.2383
16	static	16	6.82794	12.0254
16	dynamic	1	7.22273	11.3681
16	dynamic	4	6.94246	11.827
16	dynamic	8	6.75758	12.1506
16	dynamic	16	6.49396	12.6439
16	guided	1	6.54874	12.5381
16	guided	4	6.55852	12.5194
16	guided	8	6.59786	12.4448
16	guided	16	6.80767	12.0612
16	auto	1	7.11018	11.5481
16	auto	4	6.61539	12.4118
16	auto	8	6.64057	12.3647
16	auto	16	6.70806	12.2403
18	static	1	6.07539	13.515
18	static	4	6.0611	13.5468
18	static	8	6.36366	12.9028
18	static	16	6.36863	12.8927
18	dynamic	1	6.89547	11.9076
18	dynamic	4	6.69409	12.2659
18	dynamic	8	6.50776	12.6171
18	dynamic	16	6.35676	12.9168
18	guided	1	6.04257	13.5884
18	guided	4	6.28026	13.0741
18	guided	8	6.3113	13.0098
18	guided	16	6.3712	12.8875
18	auto	1	6.23149	13.1764
18	auto	4	6.28855	13.0569
18	auto	8	6.17123	13.3051
18	auto	16	6.38668	12.8563
20	static	1	5.80893	14.1349
20	static	4	5.72984	14.33
20	static	8	5.58453	14.7029
20	static	16	5.1599	15.9128
20	dynamic	1	6.58246	12.4739
20	dynamic	4	6.41623	12.797
20	dynamic	8	6.04387	13.5855
20	dynamic	16	6.008	13.6666
20	guided	1	5.88189	13.9596
20	guided	4	5.92019	13.8693
20	guided	8	5.92962	13.8472
20	guided	16	5.9867	13.7152
20	auto	1	5.55403	14.7836
20	auto	4	5.80994	14.1325
20	auto	8	5.94216	13.818
20	auto	16	5.99096	13.7054
22	static	1	6.27378	13.0876
22	static	4	6.35044	12.9296
22	static	8	6.3919	12.8458
22	static	16	6.09754	13.4659
22	dynamic	1	6.58784	12.4637
22	dynamic	4	6.42815	12.7733
22	dynamic	8	6.22527	13.1896
22	dynamic	16	6.02605	13.6256
22	guided	1	5.58124	14.7116
22	guided	4	5.83219	14.0785
22	guided	8	5.88882	13.9432
22	guided	16	6.25117	13.1349
22	auto	1	5.95432	13.7898
22	auto	4	6.13241	13.3893
22	auto	8	6.15898	13.3316
22	auto	16	6.2425	13.1532
24	static	1	6.33924	12.9525
24	static	4	6.13204	13.3901
24	static	8	6.12145	13.4133
24	static	16	6.07707	13.5112
24	dynamic	1	6.39774	12.834
24	dynamic	4	6.25249	13.1322
24	dynamic	8	5.80318	14.1489
24	dynamic	16	5.8114	14.1289
24	guided	1	5.90509	13.9048
24	guided	4	5.91584	13.8795
24	guided	8	5.94692	13.8069
24	guided	16	5.90766	13.8987
24	auto	1	5.91175	13.8891
24	auto	4	5.92053	13.8685
24	auto	8	5.95711	13.7833
24	auto	16	6.0057	13.6718
26	static	1	6.19054	13.2636
26	static	4	6.05514	13.5602
26	static	8	5.98271	13.7243
26	static	16	5.6984	14.4091
26	dynamic	1	6.21075	13.2204
26	dynamic	4	6.05528	13.5599
26	dynamic	8	5.85639	14.0204
26	dynamic	16	5.63368	14.5746
26	guided	1	5.46161	15.0338
26	guided	4	5.74492	14.2924
26	guided	8	5.77679	14.2136
26	guided	16	5.81704	14.1152
26	auto	1	5.7203	14.3539
26	auto	4	5.73393	14.3198
26	auto	8	5.75911	14.2572
26	auto	16	5.44315	15.0848
28	static	1	6.22121	13.1982
28	static	4	6.0359	13.6034
28	static	8	5.96791	13.7584
28	static	16	5.80892	14.1349
28	dynamic	1	5.53365	14.8381
28	dynamic	4	5.96418	13.767
28	dynamic	8	5.73199	14.3247
28	dynamic	16	5.49022	14.9555
28	guided	1	5.60077	14.6603
28	guided	4	5.57368	14.7315
28	guided	8	5.64695	14.5404
28	guided	16	5.69441	14.4192
28	auto	1	5.32455	15.4208
28	auto	4	5.62513	14.5968
28	auto	8	5.63225	14.5783
28	auto	16	5.69957	14.4061
30	static	1	5.76679	14.2382
30	static	4	4.80063	17.1037
30	static	8	5.54553	14.8063
30	static	16	5.55427	14.783
30	dynamic	1	5.99974	13.6854
30	dynamic	4	5.89306	13.9331
30	dynamic	8	5.65538	14.5187
30	dynamic	16	5.40338	15.1958
30	guided	1	5.51203	14.8963
30	guided	4	5.53602	14.8317
30	guided	8	5.5528	14.7869
30	guided	16	5.61726	14.6172
30	auto	1	5.51343	14.8925
30	auto	4	5.34012	15.3758
30	auto	8	5.55629	14.7776
30	auto	16	5.61647	14.6193
32	static	1	5.96768	13.7589
32	static	4	5.95672	13.7842
32	static	8	5.15141	15.9391
32	static	16	5.88013	13.9638
32	dynamic	1	5.98998	13.7077
32	dynamic	4	5.81385	14.123
32	dynamic	8	5.56452	14.7558
32	dynamic	16	5.29707	15.5008
32	guided	1	5.37052	15.2888
32	guided	4	4.99016	16.4541
32	guided	8	4.92145	16.6839
32	guided	16	5.50398	14.9181
32	auto	1	5.37747	15.269
32	auto	4	5.38604	15.2447
32	auto	8	5.43208	15.1155
32	auto	16	5.4904	14.955
34	static	1	6.08857	13.4857
34	static	4	5.93638	13.8315
34	static	8	5.89536	13.9277
34	static	16	5.41212	15.1713
34	dynamic	1	5.88375	13.9552
34	dynamic	4	5.73737	14.3112
34	dynamic	8	5.44727	15.0734
34	dynamic	16	5.20522	15.7743
34	guided	1	5.08473	16.1481
34	guided	4	5.31309	15.454
34	guided	8	5.36576	15.3024
34	guided	16	5.44602	15.0768
34	auto	1	5.2902	15.5209
34	auto	4	5.30761	15.47
34	auto	8	5.02293	16.3468
34	auto	16	5.44215	15.0876
36	static	1	6.09118	13.4799
36	static	4	5.93625	13.8318
36	static	8	5.87044	13.9868
36	static	16	5.76496	14.2427
36	dynamic	1	5.88025	13.9635
36	dynamic	4	5.79476	14.1695
36	dynamic	8	5.48362	14.9735
36	dynamic	16	5.24997	15.6399
36	guided	1	5.27214	15.5741
36	guided	4	5.31056	15.4614
36	guided	8	5.38564	15.2459
36	guided	16	5.49437	14.9442
36	auto	1	5.23108	15.6963
36	auto	4	4.74618	17.3
36	auto	8	5.37407	15.2787
36	auto	16	5.49224	14.95
38	static	1	6.04399	13.5852
38	static	4	5.9247	13.8587
38	static	8	5.90428	13.9067
38	static	16	4.13171	19.8728
38	dynamic	1	5.87772	13.9695
38	dynamic	4	5.77726	14.2124
38	dynamic	8	5.45058	15.0642
38	dynamic	16	5.08081	16.1606
38	guided	1	5.23978	15.6703
38	guided	4	5.27978	15.5516
38	guided	8	5.05116	16.2554
38	guided	16	5.44734	15.0732
38	auto	1	5.25158	15.6351
38	auto	4	5.27385	15.5691
38	auto	8	5.31993	15.4342
38	auto	16	5.43724	15.1012
40	static	1	6.1177	13.4215
40	static	4	5.91859	13.873
40	static	8	5.8902	13.9399
40	static	16	5.85368	14.0269
40	dynamic	1	5.86533	13.999
40	dynamic	4	5.79509	14.1687
40	dynamic	8	5.46942	15.0123
40	dynamic	16	5.11764	16.0443
40	guided	1	5.27264	15.5726
40	guided	4	5.28395	15.5393
40	guided	8	5.32298	15.4253
40	guided	16	5.08937	16.1334
40	auto	1	5.26552	15.5937
40	auto	4	5.29054	15.5199
40	auto	8	5.30606	15.4745
40	auto	16	5.41918	15.1515
42	static	1	6.13819	13.3767
42	static	4	6.07578	13.5141
42	static	8	6.02226	13.6342
42	static	16	6.07168	13.5232
42	dynamic	1	5.73938	14.3062
42	dynamic	4	5.80475	14.1451
42	dynamic	8	5.4968	14.9376
42	dynamic	16	5.28189	15.5454
42	guided	1	5.29464	15.5079
42	guided	4	5.05498	16.2431
42	guided	8	5.21444	15.7464
42	guided	16	5.29931	15.4942
42	auto	1	5.29776	15.4988
42	auto	4	5.31686	15.4431
42	auto	8	5.35174	15.3425
42	auto	16	5.42822	15.1263
44	static	1	6.24188	13.1545
44	static	4	6.08867	13.4855
44	static	8	5.9307	13.8447
44	static	16	5.8372	14.0665
44	dynamic	1	5.86958	13.9889
44	dynamic	4	5.78669	14.1893
44	dynamic	8	5.49133	14.9524
44	dynamic	16	5.34902	15.3502
44	guided	1	5.32038	15.4329
44	guided	4	5.35071	15.3454
44	guided	8	5.38623	15.2442
44	guided	16	4.84587	16.9441
44	auto	1	5.31557	15.4468
44	auto	4	5.36433	15.3064
44	auto	8	5.19857	15.7945
44	auto	16	5.45859	15.0421
46	static	1	6.19114	13.2623
46	static	4	6.00523	13.6729
46	static	8	6.01186	13.6578
46	static	16	5.87435	13.9775
46	dynamic	1	5.88785	13.9455
46	dynamic	4	5.82949	14.0851
46	dynamic	8	5.5173	14.882
46	dynamic	16	5.38698	15.2421
46	guided	1	5.3487	15.3512
46	guided	4	5.39025	15.2328
46	guided	8	4.77841	17.1833
46	guided	16	5.53651	14.8304
46	auto	1	5.40186	15.2001
46	auto	4	5.43633	15.1037
46	auto	8	5.47892	14.9863
46	auto	16	5.53721	14.8285
48	static	1	4.14847	19.7925
48	static	4	5.13338	15.9951
48	static	8	5.92005	13.8696
48	static	16	5.97526	13.7415
48	dynamic	1	6.05983	13.5497
48	dynamic	4	5.99711	13.6914
48	dynamic	8	5.67729	14.4627
48	dynamic	16	5.50905	14.9043
48	guided	1	5.52754	14.8545
48	guided	4	5.55377	14.7843
48	guided	8	5.58932	14.6903
48	guided	16	5.67978	14.4563
48	auto	1	5.37052	15.2888
48	auto	4	5.40653	15.187
48	auto	8	5.45901	15.041
48	auto	16	5.53679	14.8297
50	static	1	6.15374	13.3429
50	static	4	6.01555	13.6494
50	static	8	6.24131	13.1557
50	static	16	5.92145	13.8663
50	dynamic	1	5.90221	13.9115
50	dynamic	4	5.84547	14.0466
50	dynamic	8	5.55699	14.7758
50	dynamic	16	5.41535	15.1622
50	guided	1	5.39972	15.2061
50	guided	4	5.43519	15.1069
50	guided	8	5.4908	14.9539
50	guided	16	5.57357	14.7318
50	auto	1	5.40453	15.1926
50	auto	4	5.41827	15.1541
50	auto	8	5.49181	14.9511
50	auto	16	5.57409	14.7304
52	static	1	6.14711	13.3573
52	static	4	5.98925	13.7094
52	static	8	5.94729	13.8061
52	static	16	5.94661	13.8077
52	dynamic	1	6.08659	13.4901
52	dynamic	4	6.02371	13.6309
52	dynamic	8	5.76234	14.2492
52	dynamic	16	5.4986	14.9327
52	guided	1	5.41592	15.1606
52	guided	4	5.45343	15.0563
52	guided	8	5.69854	14.4087
52	guided	16	5.74788	14.2851
52	auto	1	5.66358	14.4977
52	auto	4	5.43942	15.0951
52	auto	8	5.51125	14.8984
52	auto	16	5.6078	14.6419
54	static	1	6.02286	13.6329
54	static	4	5.91699	13.8768
54	static	8	5.90624	13.902
54	static	16	5.83576	14.0699
54	dynamic	1	5.94335	13.8152
54	dynamic	4	5.8865	13.9486
54	dynamic	8	5.52235	14.8684
54	dynamic	16	5.31699	15.4427
54	guided	1	5.45853	15.0423
54	guided	4	5.52864	14.8515
54	guided	8	5.59804	14.6674
54	guided	16	5.72765	14.3355
54	auto	1	5.53279	14.8404
54	auto	4	5.54947	14.7958
54	auto	8	5.61382	14.6262
54	auto	16	5.70838	14.3839
56	static	1	6.0925	13.477
56	static	4	5.97413	13.7441
56	static	8	5.94404	13.8136
56	static	16	5.86817	13.9922
56	dynamic	1	6.04476	13.5835
56	dynamic	4	5.95132	13.7967
56	dynamic	8	5.59061	14.6869
56	dynamic	16	5.49259	14.949
56	guided	1	5.54234	14.8148
56	guided	4	5.55974	14.7685
56	guided	8	5.60486	14.6496
56	guided	16	5.71947	14.356
56	auto	1	5.59011	14.6882
56	auto	4	5.61199	14.631
56	auto	8	5.69132	14.427
56	auto	16	5.79005	14.181
58	static	1	6.01844	13.6429
58	static	4	6.26311	13.1099
58	static	8	4.63372	17.7198
58	static	16	5.78274	14.1989
58	dynamic	1	5.83441	14.0732
58	dynamic	4	5.92622	13.8552
58	dynamic	8	5.22917	15.7021
58	dynamic	16	5.61278	14.6289
58	guided	1	5.53098	14.8452
58	guided	4	5.54791	14.8
58	guided	8	5.59015	14.6881
58	guided	16	5.71963	14.3556
58	auto	1	5.5281	14.853
58	auto	4	5.54684	14.8028
58	auto	8	5.38491	15.2479
58	auto	16	5.71766	14.3606
60	static	1	5.97557	13.7407
60	static	4	5.95378	13.791
60	static	8	5.86349	14.0034
60	static	16	5.23531	15.6836
60	dynamic	1	6.06494	13.5383
60	dynamic	4	5.97853	13.7339
60	dynamic	8	5.70087	14.4028
60	dynamic	16	5.58991	14.6887
60	guided	1	5.57137	14.7376
60	guided	4	5.58172	14.7103
60	guided	8	5.60272	14.6552
60	guided	16	5.74901	14.2822
60	auto	1	5.56886	14.7443
60	auto	4	5.43743	15.1007
60	auto	8	5.61375	14.6264
60	auto	16	5.75074	14.278
62	static	1	5.23905	15.6724
62	static	4	5.99232	13.7023
62	static	8	5.93711	13.8298
62	static	16	6.07501	13.5158
62	dynamic	1	6.07203	13.5225
62	dynamic	4	5.56541	14.7534
62	dynamic	8	5.58819	14.6933
62	dynamic	16	5.5902	14.688
62	guided	1	5.58186	14.7099
62	guided	4	5.5959	14.673
62	guided	8	5.62628	14.5938
62	guided	16	5.76925	14.2321
62	auto	1	5.5842	14.7038
62	auto	4	5.61167	14.6318
62	auto	8	5.63676	14.5667
62	auto	16	5.76555	14.2413
64	static	1	5.13137	16.0013
64	static	4	5.99203	13.703
64	static	8	5.92098	13.8674
64	static	16	5.72827	14.334
64	dynamic	1	6.0935	13.4748
64	dynamic	4	5.5331	14.8396
64	dynamic	8	5.57094	14.7388
64	dynamic	16	5.56489	14.7548
64	guided	1	5.60738	14.643
64	guided	4	5.63217	14.5785
64	guided	8	5.6384	14.5624
64	guided	16	5.34026	15.3754
64	auto	1	5.61466	14.624
64	auto	4	5.63577	14.5692
64	auto	8	5.64156	14.5543
64	auto	16	5.77375	14.2211
66	static	1	5.17099	15.8787
66	static	4	5.88168	13.9601
66	static	8	5.82947	14.0851
66	static	16	5.90819	13.8974
66	dynamic	1	6.09919	13.4622
66	dynamic	4	5.81153	14.1286
66	dynamic	8	5.53542	14.8333
66	dynamic	16	5.45085	15.0635
66	guided	1	5.63079	14.5821
66	guided	4	5.67401	14.471
66	guided	8	5.37589	15.2735
66	guided	16	5.44197	15.0881
66	auto	1	5.68276	14.4488
66	auto	4	5.70496	14.3925
66	auto	8	5.72992	14.3298
66	auto	16	5.76267	14.2484
68	static	1	4.99788	16.4287
68	static	4	5.96979	13.754
68	static	8	5.99535	13.6954
68	static	16	5.99209	13.7029
68	dynamic	1	6.16322	13.3224
68	dynamic	4	6.04088	13.5922
68	dynamic	8	5.57548	14.7268
68	dynamic	16	5.48608	14.9667
68	guided	1	5.68284	14.4485
68	guided	4	5.8303	14.0831
68	guided	8	5.82392	14.0985
68	guided	16	5.8664	13.9965
68	auto	1	5.7707	14.2286
68	auto	4	5.80035	14.1558
68	auto	8	5.81269	14.1258
68	auto	16	5.84683	14.0433
70	static	1	6.30278	13.0274
70	static	4	6.10142	13.4573
70	static	8	6.02642	13.6248
70	static	16	6.0145	13.6518
70	dynamic	1	6.05379	13.5632
70	dynamic	4	6.07318	13.5199
70	dynamic	8	5.70993	14.38
70	dynamic	16	5.41873	15.1528
70	guided	1	5.75459	14.2684
70	guided	4	5.52683	14.8564
70	guided	8	5.76684	14.2381
70	guided	16	5.01295	16.3793
70	auto	1	5.65262	14.5258
70	auto	4	5.71317	14.3718
70	auto	8	5.22898	15.7026
70	auto	16	5.85847	14.0154
72	static	1	6.23962	13.1593
72	static	4	6.0673	13.533
72	static	8	3.68657	22.2724
72	static	16	5.89937	13.9182
72	dynamic	1	6.1902	13.2643
72	dynamic	4	5.99452	13.6973
72	dynamic	8	5.58708	14.6962
72	dynamic	16	5.32732	15.4128
72	guided	1	5.73168	14.3254
72	guided	4	5.75481	14.2678
72	guided	8	5.38255	15.2546
72	guided	16	5.85809	14.0163
72	auto	1	5.67834	14.46
72	auto	4	5.75259	14.2734
72	auto	8	5.73714	14.3118
72	auto	16	5.87565	13.9744
74	static	1	6.19309	13.2581
74	static	4	6.05516	13.5601
74	static	8	6.04667	13.5792
74	static	16	6.10875	13.4412
74	dynamic	1	6.25048	13.1364
74	dynamic	4	5.94532	13.8107
74	dynamic	8	5.60462	14.6502
74	dynamic	16	5.34005	15.376
74	guided	1	5.70407	14.3948
74	guided	4	5.76638	14.2392
74	guided	8	5.77935	14.2073
74	guided	16	5.94232	13.8176
74	auto	1	5.74089	14.3025
74	auto	4	5.79219	14.1758
74	auto	8	5.78006	14.2055
74	auto	16	6.00173	13.6808
76	static	1	6.48761	12.6563
76	static	4	6.23875	13.1611
76	static	8	6.18876	13.2674
76	static	16	6.17603	13.2947
76	dynamic	1	6.1487	13.3538
76	dynamic	4	6.16174	13.3256
76	dynamic	8	5.5992	14.6644
76	dynamic	16	5.21272	15.7516
76	guided	1	5.77959	14.2067
76	guided	4	5.60408	14.6516
76	guided	8	5.79386	14.1717
76	guided	16	5.97155	13.75
76	auto	1	5.74009	14.3044
76	auto	4	5.78594	14.1911
76	auto	8	5.78989	14.1814
76	auto	16	5.98828	13.7116
78	static	1	6.53072	12.5727
78	static	4	6.36454	12.901
78	static	8	6.20783	13.2266
78	static	16	6.17505	13.2969
78	dynamic	1	6.39018	12.8492
78	dynamic	4	6.2151	13.2112
78	dynamic	8	5.59781	14.668
78	dynamic	16	5.2383	15.6747
78	guided	1	5.77751	14.2118
78	guided	4	5.3736	15.28
78	guided	8	5.44678	15.0747
78	guided	16	5.98544	13.7181
78	auto	1	6.3178	12.9964
78	auto	4	5.86308	14.0044
78	auto	8	5.07564	16.177
78	auto	16	6.03183	13.6126
80	static	1	6.85194	11.9833
80	static	4	6.41677	12.796
80	static	8	6.51937	12.5946
80	static	16	6.53542	12.5637
80	dynamic	1	6.5055	12.6214
80	dynamic	4	6.32415	12.9834
80	dynamic	8	5.48045	14.9821
80	dynamic	16	5.31031	15.4622
80	guided	1	5.92252	13.8638
80	guided	4	5.94105	13.8206
80	guided	8	5.58738	14.6954
80	guided	16	6.23131	13.1768
80	auto	1	5.50336	14.9198
80	auto	4	5.7176	14.3607
80	auto	8	6.01485	13.651
80	auto	16	5.38639	15.2437
