2 43.2102 1.90022
3 29.3842 2.79431
4 22.2159 3.69594
5 17.9171 4.5827
6 14.9944 5.47598
7 12.8463 6.39165
8 11.3633 7.22576
9 11.2866 7.27492
10 10.3249 7.95253
11 10.0978 8.13136
12 9.71434 8.45232
13 8.04987 10.2
14 7.10121 11.5626
15 7.398 11.0988
16 7.03578 11.6702
17 6.37338 12.8831
18 5.74305 14.2971
19 6.20962 13.2228
20 5.73718 14.3117
21 6.4572 12.7158
22 6.06434 13.5396
23 6.2581 13.1204
24 6.01532 13.6499
25 6.18593 13.2735
26 6.11818 13.4205
27 6.13359 13.3867
28 5.8691 13.99
29 5.57819 14.7196
30 5.80664 14.1405
31 6.03065 13.6152
32 5.81846 14.1118
33 5.54467 14.8086
34 5.70275 14.3981
35 5.93297 13.8394
36 5.72687 14.3375
37 5.91595 13.8792
38 5.75139 14.2763
39 5.92668 13.8541
40 5.93643 13.8313
41 6.17494 13.2971
42 6.07901 13.5069
43 6.04313 13.5871
44 5.8636 14.0031
45 3.60157 22.7981
46 5.85973 14.0124
47 5.66449 14.4953
48 5.88789 13.9454
49 5.88025 13.9635
50 6.38136 12.867
51 5.94552 13.8102
52 5.76275 14.2482
53 5.85186 14.0312
54 5.94805 13.8043
55 5.93295 13.8395
56 5.77322 14.2224
57 5.87384 13.9787
58 5.83552 14.0705
59 5.86838 13.9917
60 5.81941 14.1095
61 5.94869 13.8028
62 5.79643 14.1654
63 5.59244 14.6821
64 5.72866 14.333
65 5.60671 14.6447
66 5.68549 14.4418
67 5.71251 14.3735
68 5.80086 14.1546
69 4.86539 16.8761
70 5.75092 14.2775
71 5.90846 13.8968
72 5.88623 13.9493
73 5.85281 14.029
74 5.91347 13.885
75 5.94547 13.8103
76 5.8769 13.9714
77 5.9558 13.7864
78 6.02745 13.6225
79 6.00694 13.669
80 6.24949 13.1385
