Program started!

10  11.11  12.22  13.33  14.44  15.56  16.67  17.78  18.89  20  
12.22  13.09  13.95  14.81  15.68  16.54  17.41  18.27  19.14  20  
14.44  15.06  15.68  16.3  16.91  17.53  18.15  18.77  19.38  20  
16.67  17.04  17.41  17.78  18.15  18.52  18.89  19.26  19.63  20  
18.89  19.01  19.14  19.26  19.38  19.51  19.63  19.75  19.88  20  
21.11  20.99  20.86  20.74  20.62  20.49  20.37  20.25  20.12  20  
23.33  22.96  22.59  22.22  21.85  21.48  21.11  20.74  20.37  20  
25.56  24.94  24.32  23.7  23.09  22.47  21.85  21.23  20.62  20  
27.78  26.91  26.05  25.19  24.32  23.46  22.59  21.73  20.86  20  
30  28.89  27.78  26.67  25.56  24.44  23.33  22.22  21.11  20  
Time: 0.000125 sec
Iterations: 234
Error value: 0.000001
