Program started!

10  10.83  11.67  12.5  13.33  14.17  15  15.83  16.67  17.5  18.33  19.17  20  
11.67  12.36  13.06  13.75  14.44  15.14  15.83  16.53  17.22  17.92  18.61  19.31  20  
13.33  13.89  14.44  15  15.56  16.11  16.67  17.22  17.78  18.33  18.89  19.44  20  
15  15.42  15.83  16.25  16.67  17.08  17.5  17.92  18.33  18.75  19.17  19.58  20  
16.67  16.94  17.22  17.5  17.78  18.06  18.33  18.61  18.89  19.17  19.44  19.72  20  
18.33  18.47  18.61  18.75  18.89  19.03  19.17  19.31  19.44  19.58  19.72  19.86  20  
20  20  20  20  20  20  20  20  20  20  20  20  20  
21.67  21.53  21.39  21.25  21.11  20.97  20.83  20.69  20.56  20.42  20.28  20.14  20  
23.33  23.06  22.78  22.5  22.22  21.94  21.67  21.39  21.11  20.83  20.56  20.28  20  
25  24.58  24.17  23.75  23.33  22.92  22.5  22.08  21.67  21.25  20.83  20.42  20  
26.67  26.11  25.56  25  24.44  23.89  23.33  22.78  22.22  21.67  21.11  20.56  20  
28.33  27.64  26.94  26.25  25.56  24.86  24.17  23.47  22.78  22.08  21.39  20.69  20  
30  29.17  28.33  27.5  26.67  25.83  25  24.17  23.33  22.5  21.67  20.83  20  
Time: 0.000438 sec
Iterations: 402
Error value: 0.000001
